        Psi               gval(?)          ggpval(?!??!#@!) 
  111
        0.000000000E+00   0.134579485E+00  -0.155487187E+01
        0.826446281E-04   0.134493914E+00  -0.155501251E+01
        0.330578512E-03   0.134322729E+00  -0.155538143E+01
        0.743801653E-03   0.134065853E+00  -0.155597861E+01
        0.132231405E-02   0.133723171E+00  -0.155679238E+01
        0.206611570E-02   0.133294537E+00  -0.155780320E+01
        0.297520661E-02   0.132779785E+00  -0.155898520E+01
        0.404958678E-02   0.132178728E+00  -0.156030649E+01
        0.528925620E-02   0.131491177E+00  -0.156172938E+01
        0.669421488E-02   0.130716945E+00  -0.156321039E+01
        0.826446281E-02   0.129855863E+00  -0.156470039E+01
        0.100000000E-01   0.128907794E+00  -0.156614467E+01
        0.119008264E-01   0.127872648E+00  -0.156748308E+01
        0.139669421E-01   0.126750399E+00  -0.156865015E+01
        0.161983471E-01   0.125541106E+00  -0.156957531E+01
        0.185950413E-01   0.124244926E+00  -0.157018307E+01
        0.211570248E-01   0.122862143E+00  -0.157039333E+01
        0.238842975E-01   0.121393183E+00  -0.157012167E+01
        0.267768595E-01   0.119838641E+00  -0.156927975E+01
        0.298347107E-01   0.118199300E+00  -0.156777576E+01
        0.330578512E-01   0.116476158E+00  -0.156551494E+01
        0.364462810E-01   0.114670452E+00  -0.156240014E+01
        0.400000000E-01   0.112783675E+00  -0.155833252E+01
        0.437190083E-01   0.110817609E+00  -0.155321230E+01
        0.476033058E-01   0.108774338E+00  -0.154693959E+01
        0.516528926E-01   0.106656275E+00  -0.153941527E+01
        0.558677686E-01   0.104466178E+00  -0.153054205E+01
        0.602479339E-01   0.102207167E+00  -0.152022547E+01
        0.647933884E-01   0.998827427E-01  -0.150837512E+01
        0.695041322E-01   0.974967927E-01  -0.149490574E+01
        0.743801653E-01   0.950536032E-01  -0.147973858E+01
        0.794214876E-01   0.925578617E-01  -0.146280259E+01
        0.846280992E-01   0.900146573E-01  -0.144403576E+01
        0.900000000E-01   0.874294753E-01  -0.142338640E+01
        0.955371901E-01   0.848081871E-01  -0.140081444E+01
        0.101239669E+00   0.821570340E-01  -0.137629257E+01
        0.107107438E+00   0.794826060E-01  -0.134980744E+01
        0.113140496E+00   0.767918141E-01  -0.132136067E+01
        0.119338843E+00   0.740918567E-01  -0.129096972E+01
        0.125702479E+00   0.713901801E-01  -0.125866861E+01
        0.132231405E+00   0.686944337E-01  -0.122450849E+01
        0.138925620E+00   0.660124190E-01  -0.118855793E+01
        0.145785124E+00   0.633520340E-01  -0.115090297E+01
        0.152809917E+00   0.607212139E-01  -0.111164699E+01
        0.160000000E+00   0.581278664E-01  -0.107091025E+01
        0.167355372E+00   0.555798063E-01  -0.102882913E+01
        0.174876033E+00   0.530846862E-01  -0.985555164E+00
        0.182561983E+00   0.506499279E-01  -0.941253765E+00
        0.190413223E+00   0.482826529E-01  -0.896102696E+00
        0.198429752E+00   0.459896148E-01  -0.850290321E+00
        0.206611570E+00   0.437771342E-01  -0.804013639E+00
        0.214958678E+00   0.416510368E-01  -0.757476162E+00
        0.223471074E+00   0.396165966E-01  -0.710885647E+00
        0.232148760E+00   0.376784845E-01  -0.664451762E+00
        0.240991736E+00   0.358407238E-01  -0.618383690E+00
        0.250000000E+00   0.341066525E-01  -0.572887769E+00
        0.259173554E+00   0.324788941E-01  -0.528165163E+00
        0.268512397E+00   0.309593362E-01  -0.484409664E+00
        0.278016529E+00   0.295491183E-01  -0.441805623E+00
        0.287685950E+00   0.282486278E-01  -0.400526074E+00
        0.297520661E+00   0.270575049E-01  -0.360731082E+00
        0.307520661E+00   0.259746556E-01  -0.322566329E+00
        0.317685950E+00   0.249982725E-01  -0.286161972E+00
        0.328016529E+00   0.241258635E-01  -0.251631776E+00
        0.338512397E+00   0.233542859E-01  -0.219072523E+00
        0.349173554E+00   0.226797876E-01  -0.188563705E+00
        0.360000000E+00   0.220980523E-01  -0.160167482E+00
        0.370991736E+00   0.216042488E-01  -0.133928887E+00
        0.382148760E+00   0.211930841E-01  -0.109876270E+00
        0.393471074E+00   0.208588573E-01  -0.880219401E-01
        0.404958678E+00   0.205955162E-01  -0.683629884E-01
        0.416611570E+00   0.203967133E-01  -0.508822574E-01
        0.428429752E+00   0.202558618E-01  -0.355494311E-01
        0.440413223E+00   0.201661901E-01  -0.223222108E-01
        0.452561983E+00   0.201207953E-01  -0.111475499E-01
        0.464876033E+00   0.201126940E-01  -0.196292200E-02
        0.477355372E+00   0.201348698E-01   0.530240389E-02
        0.490000000E+00   0.201803188E-01   0.107261034E-01
        0.502809917E+00   0.202420912E-01   0.143915668E-01
        0.515785124E+00   0.203133290E-01   0.163867247E-01
        0.528925620E+00   0.203873009E-01   0.168029268E-01
        0.542231405E+00   0.204574323E-01   0.157338997E-01
        0.555702479E+00   0.205173332E-01   0.132747790E-01
        0.569338843E+00   0.205608205E-01   0.952122637E-02
        0.583140496E+00   0.205819388E-01   0.456863220E-02
        0.597107438E+00   0.205749759E-01  -0.148859597E-02
        0.611239669E+00   0.205344766E-01  -0.855765924E-02
        0.625537190E+00   0.204552525E-01  -0.165479093E-01
        0.640000000E+00   0.203323893E-01  -0.253713137E-01
        0.654628099E+00   0.201612517E-01  -0.349428412E-01
        0.669421488E+00   0.199374853E-01  -0.451807802E-01
        0.684380165E+00   0.196570171E-01  -0.560069900E-01
        0.699504132E+00   0.193160535E-01  -0.673470919E-01
        0.714793388E+00   0.189110765E-01  -0.791306075E-01
        0.730247934E+00   0.184388389E-01  -0.912910467E-01
        0.745867769E+00   0.178963576E-01  -0.103765956E+00
        0.761652893E+00   0.172809063E-01  -0.116496929E+00
        0.777603306E+00   0.165900065E-01  -0.129429583E+00
        0.793719008E+00   0.158214181E-01  -0.142513518E+00
        0.810000000E+00   0.149731295E-01  -0.155702249E+00
        0.826446281E+00   0.140433460E-01  -0.168953127E+00
        0.843057851E+00   0.130304794E-01  -0.182227251E+00
        0.859834711E+00   0.119331351E-01  -0.195489369E+00
        0.876776860E+00   0.107501002E-01  -0.208707790E+00
        0.893884298E+00   0.948033068E-02  -0.221854282E+00
        0.911157025E+00   0.812293775E-02  -0.234903995E+00
        0.928595041E+00   0.667717449E-02  -0.247835376E+00
        0.946198347E+00   0.514242130E-02  -0.260630112E+00
        0.963966942E+00   0.351817104E-02  -0.273273075E+00
        0.981900826E+00   0.180401344E-02  -0.285752292E+00
        0.100000000E+01   0.000000000E+00  -0.297995956E+00
