        Psi               Pressure          ppxx (whatever that is, probably derivative?)
  111
        0.000000000E+00   0.221889087E-01  -0.133315765E+00
        0.826446281E-04   0.221815733E-01  -0.133304747E+00
        0.330578512E-03   0.221669062E-01  -0.133271694E+00
        0.743801653E-03   0.221449147E-01  -0.133216604E+00
        0.132231405E-02   0.221156097E-01  -0.133139480E+00
        0.206611570E-02   0.220790057E-01  -0.133040319E+00
        0.297520661E-02   0.220351209E-01  -0.132919123E+00
        0.404958678E-02   0.219839772E-01  -0.132775891E+00
        0.528925620E-02   0.219256000E-01  -0.132610624E+00
        0.669421488E-02   0.218600184E-01  -0.132423320E+00
        0.826446281E-02   0.217872651E-01  -0.132213982E+00
        0.100000000E-01   0.217073766E-01  -0.131982607E+00
        0.119008264E-01   0.216203928E-01  -0.131729197E+00
        0.139669421E-01   0.215263574E-01  -0.131453751E+00
        0.161983471E-01   0.214253177E-01  -0.131156270E+00
        0.185950413E-01   0.213173246E-01  -0.130836753E+00
        0.211570248E-01   0.212024327E-01  -0.130495200E+00
        0.238842975E-01   0.210807002E-01  -0.130131611E+00
        0.267768595E-01   0.209521890E-01  -0.129745987E+00
        0.298347107E-01   0.208169644E-01  -0.129338328E+00
        0.330578512E-01   0.206750957E-01  -0.128908632E+00
        0.364462810E-01   0.205266556E-01  -0.128456901E+00
        0.400000000E-01   0.203717204E-01  -0.127983134E+00
        0.437190083E-01   0.202103703E-01  -0.127487332E+00
        0.476033058E-01   0.200426889E-01  -0.126969494E+00
        0.516528926E-01   0.198687634E-01  -0.126429620E+00
        0.558677686E-01   0.196886849E-01  -0.125867711E+00
        0.602479339E-01   0.195025480E-01  -0.125283765E+00
        0.647933884E-01   0.193104507E-01  -0.124677785E+00
        0.695041322E-01   0.191124951E-01  -0.124049768E+00
        0.743801653E-01   0.189087866E-01  -0.123399716E+00
        0.794214876E-01   0.186994343E-01  -0.122727628E+00
        0.846280992E-01   0.184845510E-01  -0.122033505E+00
        0.900000000E-01   0.182642531E-01  -0.121317346E+00
        0.955371901E-01   0.180386607E-01  -0.120579151E+00
        0.101239669E+00   0.178078974E-01  -0.119818921E+00
        0.107107438E+00   0.175720906E-01  -0.119036655E+00
        0.113140496E+00   0.173313713E-01  -0.118232353E+00
        0.119338843E+00   0.170858740E-01  -0.117406016E+00
        0.125702479E+00   0.168357369E-01  -0.116557643E+00
        0.132231405E+00   0.165811020E-01  -0.115687234E+00
        0.138925620E+00   0.163221147E-01  -0.114794790E+00
        0.145785124E+00   0.160589243E-01  -0.113880310E+00
        0.152809917E+00   0.157916835E-01  -0.112943794E+00
        0.160000000E+00   0.155205486E-01  -0.111985242E+00
        0.167355372E+00   0.152456799E-01  -0.111004655E+00
        0.174876033E+00   0.149672409E-01  -0.110002033E+00
        0.182561983E+00   0.146853991E-01  -0.108977374E+00
        0.190413223E+00   0.144003254E-01  -0.107930680E+00
        0.198429752E+00   0.141121944E-01  -0.106861951E+00
        0.206611570E+00   0.138211844E-01  -0.105771185E+00
        0.214958678E+00   0.135274772E-01  -0.104658384E+00
        0.223471074E+00   0.132312585E-01  -0.103523548E+00
        0.232148760E+00   0.129327173E-01  -0.102366675E+00
        0.240991736E+00   0.126320464E-01  -0.101187767E+00
        0.250000000E+00   0.123294424E-01  -0.999868236E-01
        0.259173554E+00   0.120251052E-01  -0.987638443E-01
        0.268512397E+00   0.117192386E-01  -0.975188293E-01
        0.278016529E+00   0.114120500E-01  -0.962517787E-01
        0.287685950E+00   0.111037504E-01  -0.949626923E-01
        0.297520661E+00   0.107945543E-01  -0.936515704E-01
        0.307520661E+00   0.104846801E-01  -0.923184127E-01
        0.317685950E+00   0.101743497E-01  -0.909632194E-01
        0.328016529E+00   0.986378850E-02  -0.895859904E-01
        0.338512397E+00   0.955322583E-02  -0.881867258E-01
        0.349173554E+00   0.924289446E-02  -0.867654255E-01
        0.360000000E+00   0.893303086E-02  -0.853220895E-01
        0.370991736E+00   0.862387511E-02  -0.838567179E-01
        0.382148760E+00   0.831567096E-02  -0.823693106E-01
        0.393471074E+00   0.800866576E-02  -0.808598676E-01
        0.404958678E+00   0.770311055E-02  -0.793283890E-01
        0.416611570E+00   0.739925994E-02  -0.777748747E-01
        0.428429752E+00   0.709737225E-02  -0.761993248E-01
        0.440413223E+00   0.679770938E-02  -0.746017392E-01
        0.452561983E+00   0.650053690E-02  -0.729821179E-01
        0.464876033E+00   0.620612400E-02  -0.713404609E-01
        0.477355372E+00   0.591474353E-02  -0.696767683E-01
        0.490000000E+00   0.562667195E-02  -0.679910401E-01
        0.502809917E+00   0.534218937E-02  -0.662832761E-01
        0.515785124E+00   0.506157956E-02  -0.645534766E-01
        0.528925620E+00   0.478512989E-02  -0.628016413E-01
        0.542231405E+00   0.451313139E-02  -0.610277704E-01
        0.555702479E+00   0.424587872E-02  -0.592318638E-01
        0.569338843E+00   0.398367019E-02  -0.574139215E-01
        0.583140496E+00   0.372680772E-02  -0.555739436E-01
        0.597107438E+00   0.347559691E-02  -0.537119301E-01
        0.611239669E+00   0.323034696E-02  -0.518278808E-01
        0.625537190E+00   0.299137072E-02  -0.499217959E-01
        0.640000000E+00   0.275898469E-02  -0.479936753E-01
        0.654628099E+00   0.253350899E-02  -0.460435191E-01
        0.669421488E+00   0.231526738E-02  -0.440713272E-01
        0.684380165E+00   0.210458728E-02  -0.420770997E-01
        0.699504132E+00   0.190179972E-02  -0.400608364E-01
        0.714793388E+00   0.170723939E-02  -0.380225376E-01
        0.730247934E+00   0.152124459E-02  -0.359622030E-01
        0.745867769E+00   0.134415728E-02  -0.338798328E-01
        0.761652893E+00   0.117632306E-02  -0.317754269E-01
        0.777603306E+00   0.101809115E-02  -0.296489854E-01
        0.793719008E+00   0.869814426E-03  -0.275005082E-01
        0.810000000E+00   0.731849392E-03  -0.253299953E-01
        0.826446281E+00   0.604556190E-03  -0.231374468E-01
        0.843057851E+00   0.488298602E-03  -0.209228626E-01
        0.859834711E+00   0.383444048E-03  -0.186862427E-01
        0.876776860E+00   0.290363585E-03  -0.164275872E-01
        0.893884298E+00   0.209431907E-03  -0.141468960E-01
        0.911157025E+00   0.141027348E-03  -0.118441692E-01
        0.928595041E+00   0.855318772E-04  -0.951940668E-02
        0.946198347E+00   0.433311038E-04  -0.717260851E-02
        0.963966942E+00   0.148142738E-04  -0.480377467E-02
        0.981900826E+00   0.374271267E-06  -0.241290517E-02
        0.100000000E+01   0.110960929E-07   0.000000000E+00
